Name,AUC,Precision,Recall,F-score,Range-recall,ExistenceReward,OverlapReward,Range-precision,Range-Fscore,Precision@k,RangeAUC,Time,Number of Windows,Number of anomalies
ECG1,0.6906063060065576,0.43446320402113675,0.1597251836057806,0.23357815964523282,0.19033118345302763,0.33073929961089493,0.15522915441356078,0.2580271379376553,0.21906858056897024,0.1597251836057806,0.9039997903895103,4.179321527481079,229900,21105.0
ECG1_20k,0.7189037037037037,0.39509954058192953,0.38222222222222224,0.3885542168674699,0.31229629629629635,0.4444444444444444,0.27925925925925926,0.24051307571482153,0.271744100442128,0.38222222222222224,0.9312547645504723,0.34626054763793945,20000,675.0
IOPS1,0.4061128377628931,0.0,0.0,0.0,0.0,0.0,0.0,0.0,0.0,0.0,0.7356673584450655,0.09413504600524902,8784,206.0
SMD1,0.5060518141636935,0.0,0.0,0.0,0.0,0.0,0.0,0.0,0.0,0.0,0.540635635344157,0.35385751724243164,28479,2694.0
Occupancy1,0.2382018429796864,1.0,0.0720164609053498,0.1343570057581574,0.02888425443169969,0.07142857142857142,0.018248175182481754,1.0,0.056146751798925726,0.0720164609053498,0.28795913155682923,0.06375646591186523,2665,972.0
ECG1+IOPS1,0.6837427478515954,0.2828389830508475,0.3030646992054484,0.2926027397260274,0.0928888888888889,0.11904761904761904,0.08634920634920636,0.1090980420131674,0.10034308514218106,0.3030646992054484,0.7991928882514516,0.5862216949462891,28784,881.0
SMD1+Occupancy1,0.40531489815172084,0.0,0.0,0.0,0.0,0.0,0.0,0.0,0.0,0.0,0.4550721514905214,0.5459117889404297,31144,3666.0
ECG1+IOPS1+Occupancy1,0.6433270799054174,0.2764227642276423,0.1651376146788991,0.20675675675675675,0.07501251303441085,0.125,0.06251564129301355,0.1568092937658155,0.10148017871900661,0.1651376146788991,0.7471179434001365,0.7258093357086182,31449,1853.0
SMD1+ECG1+Occupancy1,0.5518337870109085,0.0,0.0,0.0,0.0,0.0,0.0,0.0,0.0,0.0,0.5821401462624494,0.9001429080963135,51144,4341.0
ECG1+IOPS1+SMD1+Occupancy1,0.5721831950243218,0.0,0.0,0.0,0.0,0.0,0.0,0.0,0.0,0.0,0.48559008171601814,0.8340606689453125,59928,4547.0
