Name,AUC,Precision,Recall,F-score,Range-recall,ExistenceReward,OverlapReward,Range-precision,Range-Fscore,Precision@k,RangeAUC,Time,Number of Windows,Number of anomalies
ECG1,0.8454467479170635,0.495304205798285,0.11494906420279555,0.18659385455524363,0.17447310544016573,0.40077821011673154,0.11789682927102425,0.3559455710796601,0.23416569552720218,0.11494906420279555,0.9771861423903162,9.504749536514282,229900,21105.0
ECG1_20k,0.9684346701164295,0.3679417122040073,0.2992592592592593,0.33006535947712423,0.29985185185185187,0.6666666666666666,0.20814814814814814,0.22043467700684197,0.25408209687019623,0.2992592592592593,0.9925661141108015,0.8425025939941406,20000,675.0
IOPS1,0.46094208032741246,0.0,0.0,0.0,0.0,0.0,0.0,0.0,0.0,0.0,0.8591114993766451,0.35654735565185547,8784,206.0
SMD1,0.46461983114035177,0.0,0.0,0.0,0.0,0.0,0.0,0.0,0.0,0.0,0.49915138978596146,1.1339168548583984,28479,2694.0
Occupancy1,0.1909691078490711,0.0,0.0,0.0,0.0,0.0,0.0,0.0,0.0,0.0,0.2882953987226364,0.10015869140625,2665,972.0
ECG1+IOPS1,0.9010912133866704,0.2297551789077213,0.13847900113507378,0.17280453257790368,0.09860317460317461,0.16666666666666666,0.08158730158730158,0.15905915072581736,0.12173869184192847,0.13847900113507378,0.9386832626244659,1.2324817180633545,28784,881.0
SMD1+Occupancy1,0.37414308771820315,0.0,0.0,0.0,0.0,0.0,0.0,0.0,0.0,0.0,0.4270167933113377,1.240844488143921,31144,3666.0
ECG1+IOPS1+Occupancy1,0.6845479457959744,0.23024054982817868,0.07231516459794927,0.11006160164271049,0.07564201491938718,0.16071428571428573,0.05437394722066254,0.17521070055777627,0.10566591157219594,0.07231516459794927,0.8974655119674866,1.2962496280670166,31449,1853.0
SMD1+ECG1+Occupancy1,0.5695879270621104,0.0,0.0,0.0,0.0,0.0,0.0,0.0,0.0,0.0,0.6380164885223091,2.154026985168457,51144,4341.0
ECG1+IOPS1+SMD1+Occupancy1,0.5903028776719951,0.0,0.0,0.0,0.0,0.0,0.0,0.0,0.0,0.0,0.5757939295287615,2.386610984802246,59928,4547.0
