Name,AUC,Precision,Recall,F-score,Range-recall,ExistenceReward,OverlapReward,Range-precision,Range-Fscore,Precision@k,RangeAUC,Time,Number of Windows,Number of anomalies
ECG1,0.9334972140968025,0.6252129471890971,0.17389244254915898,0.2721037998146432,0.16690837318818555,0.3035019455252918,0.132759980103909,0.5203084340091735,0.2527407169528763,0.17389244254915898,0.9911706104599498,12.993846654891968,229900,21105.0
ECG1_20k,0.9820465143021417,0.4642289348171701,0.4325925925925926,0.4478527607361963,0.4794074074074074,0.6666666666666666,0.4325925925925926,0.34098447116173847,0.39851803889366993,0.4325925925925926,0.9977222705549692,0.6377031803131104,20000,675.0
IOPS1,0.7100219120033864,0.0,0.0,0.0,0.0,0.0,0.0,0.0,0.0,0.0,0.8050668290842059,0.3618955612182617,8784,206.0
SMD1,0.9036190133159547,0.9456264775413712,0.44543429844098,0.6056018168054503,0.2711608060525308,0.625,0.18270100756566343,0.9697999920473974,0.4238195887508357,0.44543429844098,0.9661456135813952,0.8707680702209473,28479,2694.0
Occupancy1,0.8567348851115341,0.9652173913043478,0.11419753086419752,0.2042318307267709,0.18403361344537816,0.21428571428571427,0.17647058823529413,0.3217391304347826,0.2341399985552265,0.11419753086419752,0.9786834553796915,0.07760477066040039,2665,972.0
ECG1+IOPS1,0.8787837979170828,0.511002444987775,0.47446083995459704,0.49205414949970566,0.13551322751322753,0.21428571428571427,0.11582010582010585,0.5322039710858631,0.21602162702567826,0.47446083995459704,0.7955208440679556,1.930147647857666,28784,881.0
SMD1+Occupancy1,0.9038102921954685,0.5560975609756098,0.031096563011456628,0.05889950917075692,0.030349650349650356,0.045454545454545456,0.026573426573426574,0.5560975609756098,0.0575580076432232,0.031096563011456628,0.9649761870426155,0.9189610481262207,31144,3666.0
ECG1+IOPS1+Occupancy1,0.8947938188581223,0.5076923076923077,0.035617916891527254,0.06656580937972768,0.008406593406593407,0.017857142857142856,0.006043956043956044,0.28695652173913044,0.01633465168757431,0.035617916891527254,0.8263871038523528,2.0612306594848633,31449,1853.0
SMD1+ECG1+Occupancy1,0.7861693351050948,0.46616541353383456,0.01428242340474545,0.027715690657130084,0.014656741108354012,0.03225806451612903,0.010256410256410256,0.25,0.027690095946494984,0.01428242340474545,0.8320659276474813,3.3108599185943604,51144,4341.0
ECG1+IOPS1+SMD1+Occupancy1,0.7889498262524799,0.7444444444444445,0.029469980206729713,0.05669557859107256,0.035394230769230775,0.078125,0.024711538461538462,0.8095973524544954,0.06782333952631986,0.029469980206729713,0.7700947167063766,3.4833524227142334,59928,4547.0
