Name,AUC,Precision,Recall,F-score,Range-recall,ExistenceReward,OverlapReward,Range-precision,Range-Fscore,Precision@k,RangeAUC,Time,Number of Windows,Number of anomalies
ECG1,0.7177711614800054,0.44882587505538324,0.14399431414356786,0.2180370210934137,0.1752244430218174,0.33073929961089493,0.136345728874548,0.23777106113622587,0.20176152686813822,0.14399431414356786,0.9050406736028118,4.510804653167725,229900,21105.0
ECG1_20k,0.6197455608260265,0.19015659955257272,0.1259259259259259,0.15151515151515152,0.16740740740740742,0.3333333333333333,0.1259259259259259,0.05013842746400886,0.0771657536738886,0.1259259259259259,0.8802315016928046,0.40729689598083496,20000,675.0
IOPS1,0.6903987282888943,0.0,0.0,0.0,0.0,0.0,0.0,0.0,0.0,0.0,0.8669002068248781,0.12482690811157227,8784,206.0
SMD1,0.5179112612303297,0.0,0.0,0.0,0.0,0.0,0.0,0.0,0.0,0.0,0.47046437776948047,0.3095362186431885,28479,2694.0
Occupancy1,0.1659137479673018,0.01694915254237288,0.00102880658436214,0.0019398642095053349,0.014494264859228364,0.07142857142857142,0.00026068821689259646,0.25,0.027399960575596294,0.00102880658436214,0.26070784286076,0.03225302696228027,2665,972.0
ECG1+IOPS1,0.643128886218159,0.1871345029239766,0.10896708286038592,0.13773314203730272,0.059936507936507934,0.09523809523809523,0.05111111111111111,0.05927267177267177,0.05960274151349107,0.10896708286038592,0.7928019063837444,0.59273362159729,28784,881.0
SMD1+Occupancy1,0.40764868999797366,0.0,0.0,0.0,0.0,0.0,0.0,0.0,0.0,0.0,0.3676945919858881,0.3364219665527344,31144,3666.0
ECG1+IOPS1+Occupancy1,0.6437163570695913,0.14108910891089108,0.06152185644900162,0.08568207440811725,0.05120355070720035,0.10714285714285714,0.037218724098286145,0.13578364704602328,0.07436450131634519,0.06152185644900162,0.7605930800305605,0.40591931343078613,31449,1853.0
SMD1+ECG1+Occupancy1,0.6040101116777399,0.0,0.0,0.0,0.0,0.0,0.0,0.0,0.0,0.0,0.6657676531910319,0.6956400871276855,51144,4341.0
ECG1+IOPS1+SMD1+Occupancy1,0.6044479304006176,0.0,0.0,0.0,0.0,0.0,0.0,0.0,0.0,0.0,0.49551083497600446,1.0104084014892578,59928,4547.0
