585.2,1
578.4,1
572.666666666667,1
493.75,1
488.6,1
568.666666666667,1
536.333333333333,1
509.0,1
476.0,1
510.0,1
481.5,1
481.8,1
475.25,1
469.0,1
464.0,1
464.0,1
455.0,1
454.0,1
458.0,1
464.0,1
473.0,1
464.0,1
498.4,1
530.2,1
533.6,1
524.25,1
498.666666666667,1
516.333333333333,1
501.2,1
522.0,1
520.5,1
505.285714285714,1
488.333333333333,1
512.0,1
511.0,1
501.5,1
503.666666666667,1
483.166666666667,1
483.5,1
473.0,1
470.333333333333,1
480.142857142857,1
464.0,1
474.4,1
470.0,1
454.0,1
454.0,1
454.0,1
454.0,1
445.0,1
439.0,1
444.25,1
454.75,1
455.8,1
451.6,1
451.6,1
454.75,1
454.75,1
457.5,1
464.0,1
464.0,1
464.0,1
471.5,1
475.666666666667,1
471.5,1
467.75,1
466.5,1
464.0,1
467.0,1
467.75,1
466.5,1
459.0,1
464.0,1
470.0,1
464.0,1
464.0,1
449.0,1
464.0,1
462.333333333333,1
469.0,1
469.0,1
469.0,1
464.0,1
456.5,1
457.0,1
450.25,1
446.0,1
451.6,1
454.75,1
448.0,1
444.0,1
444.0,1
444.0,1
444.0,1
444.0,1
444.0,1
444.0,1
444.0,1
435.0,1
432.0,1
429.0,1
429.0,1
429.0,1
429.0,1
429.0,1
429.0,1
429.0,1
429.0,1
429.0,1
429.0,1
429.0,1
429.0,1
429.0,1
429.0,1
429.0,1
429.0,1
432.0,1
432.75,1
439.0,1
429.0,1
432.75,1
432.75,1
436.5,1
438.0,1
444.0,1
435.428571428571,1
434.0,1
432.0,1
438.0,1
439.0,1
432.0,1
432.75,1
434.0,1
444.0,1
444.0,1
441.5,1
444.0,1
444.0,1
441.0,1
438.0,1
441.0,1
440.25,1
439.0,1
438.0,1
439.0,1
432.75,1
432.0,1
429.0,1
429.0,1
429.0,1
433.5,1
436.2,1
442.5,1
443.4,1
438.0,1
442.5,1
439.8,1
439.8,1
435.5,1
430.75,1
440.6,1
428.2,1
432.2,1
431.75,1
429.2,1
433.0,1
433.0,1
428.2,1
428.25,1
425.4,1
429.2,1
433.0,1
433.0,1
433.0,1
433.0,1
433.0,1
433.0,1
433.0,1
433.0,1
433.0,1
433.0,1
433.0,1
433.0,1
433.0,1
433.0,1
426.0,1
430.2,1
433.0,1
433.0,1
433.0,1
433.0,1
433.0,1
428.333333333333,1
424.6,1
433.0,1
428.333333333333,0
422.5,0
423.666666666667,0
424.6,0
427.4,0
421.8,0
426.0,0
421.8,0
419.0,0
419.0,0
419.0,0
419.0,0
419.0,0
419.0,0
419.0,0
419.0,0
419.0,0
419.0,0
419.0,0
419.0,0
419.0,0
419.0,0
419.0,0
419.0,1
419.0,1
419.0,1
419.0,1
416.2,1
418.6,1
415.0,1
310.25,1
0.0,0
0.0,0
0.0,0
0.0,0
0.0,0
0.0,0
0.0,0
0.0,0
0.0,0
0.0,0
0.0,0
0.0,0
0.0,0
0.0,0
0.0,0
0.0,0
0.0,0
0.0,0
0.0,0
0.0,0
0.0,0
0.0,0
0.0,0
0.0,0
0.0,0
0.0,0
0.0,0
0.0,0
0.0,0
0.0,0
0.0,0
0.0,0
0.0,0
0.0,0
0.0,0
0.0,0
0.0,0
0.0,0
0.0,0
0.0,0
0.0,0
0.0,0
0.0,0
0.0,0
0.0,0
0.0,0
0.0,0
0.0,0
0.0,0
0.0,0
0.0,0
0.0,0
0.0,0
0.0,0
0.0,0
0.0,0
0.0,0
0.0,0
0.0,0
0.0,0
0.0,0
0.0,0
0.0,0
0.0,0
0.0,0
0.0,0
0.0,0
0.0,0
0.0,0
0.0,0
0.0,0
0.0,0
0.0,0
0.0,0
0.0,0
0.0,0
0.0,0
0.0,0
0.0,0
0.0,0
0.0,0
0.0,0
0.0,0
0.0,0
0.0,0
0.0,0
0.0,0
0.0,0
0.0,0
0.0,0
0.0,0
0.0,0
0.0,0
0.0,0
0.0,0
0.0,0
0.0,0
0.0,0
0.0,0
0.0,0
0.0,0
0.0,0
0.0,0
0.0,0
0.0,0
0.0,0
0.0,0
0.0,0
0.0,0
0.0,0
0.0,0
0.0,0
0.0,0
0.0,0
0.0,0
0.0,0
0.0,0
0.0,0
0.0,0
0.0,0
0.0,0
0.0,0
0.0,0
0.0,0
0.0,0
0.0,0
0.0,0
0.0,0
0.0,0
0.0,0
0.0,0
0.0,0
0.0,0
0.0,0
0.0,0
0.0,0
0.0,0
0.0,0
0.0,0
0.0,0
0.0,0
0.0,0
0.0,0
0.0,0
0.0,0
0.0,0
0.0,0
0.0,0
0.0,0
0.0,0
0.0,0
0.0,0
0.0,0
0.0,0
0.0,0
0.0,0
0.0,0
0.0,0
0.0,0
0.0,0
0.0,0
0.0,0
0.0,0
0.0,0
0.0,0
0.0,0
0.0,0
0.0,0
0.0,0
0.0,0
0.0,0
0.0,0
0.0,0
0.0,0
0.0,0
0.0,0
0.0,0
0.0,0
0.0,0
0.0,0
0.0,0
0.0,0
0.0,0
0.0,0
0.0,0
0.0,0
0.0,0
0.0,0
0.0,0
0.0,0
0.0,0
0.0,0
0.0,0
0.0,0
0.0,0
0.0,0
0.0,0
0.0,0
0.0,0
0.0,0
0.0,0
0.0,0
0.0,0
0.0,0
0.0,0
0.0,0
0.0,0
0.0,0
0.0,0
0.0,0
0.0,0
0.0,0
0.0,0
0.0,0
0.0,0
0.0,0
0.0,0
0.0,0
0.0,0
0.0,0
0.0,0
0.0,0
0.0,0
0.0,0
0.0,0
0.0,0
0.0,0
0.0,0
0.0,0
0.0,0
0.0,0
0.0,0
0.0,0
0.0,0
0.0,0
0.0,0
0.0,0
0.0,0
0.0,0
0.0,0
0.0,0
0.0,0
0.0,0
0.0,0
0.0,0
0.0,0
0.0,0
0.0,0
0.0,0
0.0,0
0.0,0
0.0,0
0.0,0
0.0,0
0.0,0
0.0,0
0.0,0
0.0,0
0.0,0
0.0,0
0.0,0
0.0,0
0.0,0
0.0,0
0.0,0
0.0,0
0.0,0
0.0,0
0.0,0
0.0,0
0.0,0
0.0,0
0.0,0
0.0,0
0.0,0
0.0,0
0.0,0
0.0,0
0.0,0
0.0,0
0.0,0
0.0,0
0.0,0
0.0,0
0.0,0
0.0,0
0.0,0
0.0,0
0.0,0
0.0,0
0.0,0
0.0,0
0.0,0
0.0,0
0.0,0
0.0,0
0.0,0
0.0,0
0.0,0
0.0,0
0.0,0
0.0,0
0.0,0
0.0,0
0.0,0
0.0,0
0.0,0
0.0,0
0.0,0
0.0,0
0.0,0
0.0,0
0.0,0
0.0,0
0.0,0
0.0,0
0.0,0
0.0,0
0.0,0
0.0,0
0.0,0
0.0,0
0.0,0
0.0,0
0.0,0
0.0,0
0.0,0
0.0,0
0.0,0
0.0,0
0.0,0
0.0,0
0.0,0
0.0,0
0.0,0
0.0,0
0.0,0
0.0,0
0.0,0
0.0,0
0.0,0
0.0,0
0.0,0
0.0,0
0.0,0
0.0,0
0.0,0
0.0,0
0.0,0
0.0,0
0.0,0
0.0,0
0.0,0
0.0,0
0.0,0
0.0,0
0.0,0
0.0,0
0.0,0
0.0,0
0.0,0
0.0,0
0.0,0
0.0,0
0.0,0
0.0,0
0.0,0
0.0,0
0.0,0
0.0,0
0.0,0
0.0,0
0.0,0
0.0,0
0.0,0
0.0,0
0.0,0
0.0,0
0.0,0
0.0,0
0.0,0
0.0,0
0.0,0
0.0,0
0.0,0
0.0,0
0.0,0
0.0,0
0.0,0
0.0,0
0.0,0
0.0,0
0.0,0
0.0,0
0.0,0
0.0,0
0.0,0
0.0,0
0.0,0
0.0,0
0.0,0
0.0,0
0.0,0
0.0,0
0.0,0
0.0,0
0.0,0
0.0,0
0.0,0
0.0,0
0.0,0
0.0,0
0.0,0
0.0,0
0.0,0
0.0,0
0.0,0
0.0,0
0.0,0
0.0,0
0.0,0
0.0,0
0.0,0
0.0,0
0.0,0
0.0,0
0.0,0
0.0,0
0.0,0
0.0,0
0.0,0
0.0,0
0.0,0
0.0,0
0.0,0
0.0,0
0.0,0
0.0,0
0.0,0
0.0,0
0.0,0
0.0,0
0.0,0
0.0,0
0.0,0
0.0,0
0.0,0
0.0,0
0.0,0
0.0,0
0.0,0
0.0,0
0.0,0
0.0,0
0.0,0
0.0,0
0.0,0
0.0,0
0.0,0
0.0,0
0.0,0
0.0,0
0.0,0
0.0,0
0.0,0
0.0,0
0.0,0
0.0,0
0.0,0
0.0,0
0.0,0
0.0,0
0.0,0
0.0,0
0.0,0
0.0,0
0.0,0
0.0,0
0.0,0
0.0,0
0.0,0
0.0,0
0.0,0
0.0,0
0.0,0
0.0,0
0.0,0
0.0,0
0.0,0
0.0,0
0.0,0
0.0,0
0.0,0
0.0,0
0.0,0
0.0,0
0.0,0
0.0,0
0.0,0
0.0,0
0.0,0
0.0,0
0.0,0
0.0,0
0.0,0
0.0,0
0.0,0
0.0,0
0.0,0
0.0,0
0.0,0
0.0,0
0.0,0
0.0,0
0.0,0
0.0,0
0.0,0
0.0,0
0.0,0
0.0,0
0.0,0
0.0,0
0.0,0
0.0,0
0.0,0
0.0,0
0.0,0
0.0,0
0.0,0
0.0,0
0.0,0
0.0,0
0.0,0
0.0,0
0.0,0
0.0,0
0.0,0
0.0,0
0.0,0
0.0,0
0.0,0
0.0,0
0.0,0
0.0,0
0.0,0
0.0,0
0.0,0
0.0,0
0.0,0
0.0,0
0.0,0
0.0,0
0.0,0
0.0,0
0.0,0
0.0,0
0.0,0
0.0,0
0.0,0
0.0,0
0.0,0
0.0,0
0.0,0
0.0,0
0.0,0
0.0,0
0.0,0
0.0,0
0.0,0
0.0,0
0.0,0
0.0,0
0.0,0
0.0,0
0.0,0
0.0,0
0.0,0
0.0,0
0.0,0
0.0,0
0.0,0
0.0,0
0.0,0
0.0,0
0.0,0
0.0,0
0.0,0
0.0,0
0.0,0
0.0,0
0.0,0
0.0,0
0.0,0
0.0,0
0.0,0
0.0,0
0.0,0
0.0,0
0.0,0
0.0,0
0.0,0
0.0,0
0.0,0
0.0,0
0.0,0
0.0,0
0.0,0
0.0,0
0.0,0
0.0,0
0.0,0
0.0,0
0.0,0
0.0,0
0.0,0
0.0,0
0.0,0
0.0,0
0.0,0
0.0,0
0.0,0
0.0,0
0.0,0
0.0,0
0.0,0
0.0,0
0.0,0
0.0,0
0.0,0
0.0,0
0.0,0
0.0,0
0.0,0
0.0,0
0.0,0
0.0,0
0.0,0
0.0,0
0.0,0
0.0,0
0.0,0
0.0,0
0.0,0
0.0,0
0.0,0
0.0,0
0.0,0
0.0,0
0.0,0
0.0,0
0.0,0
0.0,0
0.0,0
0.0,0
0.0,0
0.0,0
0.0,0
0.0,0
0.0,0
0.0,0
0.0,0
0.0,0
0.0,0
0.0,0
0.0,0
0.0,0
0.0,0
0.0,0
0.0,0
0.0,0
0.0,0
0.0,0
0.0,0
0.0,0
0.0,0
0.0,0
0.0,0
0.0,0
0.0,0
0.0,0
0.0,0
0.0,0
0.0,0
0.0,0
0.0,0
0.0,0
0.0,0
0.0,0
0.0,0
0.0,0
0.0,0
0.0,0
0.0,0
0.0,0
0.0,0
0.0,0
0.0,0
0.0,0
0.0,0
0.0,0
0.0,0
0.0,0
0.0,0
0.0,0
0.0,0
0.0,0
0.0,0
0.0,0
0.0,0
0.0,0
0.0,0
0.0,0
0.0,0
0.0,0
0.0,0
0.0,0
0.0,0
0.0,0
0.0,0
0.0,0
0.0,0
0.0,0
0.0,0
0.0,0
0.0,0
0.0,0
0.0,0
0.0,0
0.0,0
0.0,0
0.0,0
0.0,0
0.0,0
0.0,0
0.0,0
0.0,0
0.0,0
0.0,0
0.0,0
0.0,0
0.0,0
0.0,0
0.0,0
0.0,0
0.0,0
0.0,0
0.0,0
0.0,0
0.0,0
0.0,0
0.0,0
0.0,0
0.0,0
0.0,0
0.0,0
0.0,0
0.0,0
0.0,0
0.0,0
0.0,0
0.0,0
0.0,0
0.0,0
0.0,0
0.0,0
0.0,0
0.0,0
0.0,0
0.0,0
0.0,0
0.0,0
0.0,0
0.0,0
0.0,0
0.0,0
0.0,0
0.0,0
0.0,0
0.0,0
0.0,0
0.0,0
0.0,0
0.0,0
0.0,0
0.0,0
0.0,0
0.0,0
0.0,0
0.0,0
0.0,0
0.0,0
0.0,0
0.0,0
0.0,0
0.0,0
0.0,0
0.0,0
0.0,0
0.0,0
0.0,0
0.0,0
0.0,0
0.0,0
0.0,0
0.0,0
0.0,0
0.0,0
0.0,0
0.0,0
0.0,0
0.0,0
217.2,1
413.666666666667,1
433.0,1
419.0,0
419.0,0
419.0,0
416.2,0
415.0,1
412.2,1
412.2,1
413.5,1
403.5,1
397.4,1
399.5,1
397.4,1
398.333333333333,1
399.5,1
403.0,1
407.666666666667,1
412.2,1
413.0,1
414.0,1
412.2,1
413.0,1
412.2,1
407.4,1
407.0,1
405.0,1
405.0,1
405.0,1
412.0,1
416.666666666667,1
419.0,1
419.0,1
419.0,1
419.0,1
419.0,1
419.0,1
419.0,1
419.0,1
419.0,1
419.0,1
419.0,1
419.0,1
419.0,1
419.0,1
419.0,1
419.0,1
421.8,1
422.5,1
427.4,1
433.0,1
433.0,1
433.0,1
433.0,1
433.0,1
433.0,1
433.0,1
433.0,1
433.0,1
433.0,1
433.0,1
433.0,1
440.0,1
434.5,1
435.5,1
443.4,1
439.8,1
439.8,1
441.0,1
442.5,1
441.0,1
441.0,1
442.5,1
435.0,1
435.0,1
429.0,1
429.0,1
429.0,1
429.0,1
432.75,1
429.0,1
435.0,1
435.0,1
441.0,1
438.0,1
444.0,1
441.0,1
444.0,1
444.0,1
444.0,1
444.0,1
444.0,1
444.0,1
444.0,0
444.0,0
444.0,1
446.666666666667,1
449.333333333333,1
454.666666666667,1
448.0,1
454.75,1
453.0,1
451.6,1
453.0,1
454.75,1
449.5,1
460.0,1
442.0,1
439.0,1
439.0,1
439.0,1
442.0,1
449.0,1
454.0,1
454.0,1
454.0,1
454.0,1
454.0,1
454.0,1
454.0,1
454.0,1
454.0,1
454.0,1
463.0,1
457.75,1
463.0,1
464.0,1
469.0,1
461.0,1
462.333333333333,1
461.0,1
464.0,1
464.0,1
462.333333333333,1
453.0,1
453.0,1
449.0,1
458.0,1
460.25,1
461.0,1
464.0,1
464.0,1
464.0,1
467.75,1
473.0,1
479.0,1
479.0,1
479.0,1
474.0,1
472.333333333333,1
477.75,1
476.0,1
479.0,1
474.0,1
474.0,1
474.0,1
474.0,1
474.0,1
474.0,1
484.0,1
479.0,1
483.0,1
489.0,1
489.0,1
489.0,1
482.0,1
480.6,1
495.25,1
484.833333333333,1
484.0,1
484.0,1
484.0,1
484.0,1
484.0,1
484.0,1
495.25,1
499.0,1
499.0,1
499.0,1
499.0,1
490.6,1
502.0,1
493.0,1
493.0,1
493.0,1
495.666666666667,1
499.4,1
509.0,1
500.6,1
506.428571428571,1
510.0,1
503.0,1
503.0,1
503.0,1
512.0,1
518.0,1
518.0,1
518.0,1
513.0,1
513.0,1
511.333333333333,1
518.2,1
513.0,1
513.0,1
519.0,1
528.0,1
528.0,1
528.0,1
532.8,1
534.25,1
528.0,1
523.0,1
526.0,1
534.25,1
538.0,1
538.0,1
538.0,1
532.25,1
547.5,1
544.2,1
536.333333333333,1
535.0,1
534.2,1
533.666666666667,1
533.666666666667,1
535.0,1
547.0,1
553.4,1
550.5,1
543.666666666667,1
550.75,1
555.0,1
555.0,1
557.666666666667,1
555.0,1
557.666666666667,1
556.4,1
555.0,1
555.0,1
555.0,1
555.0,1
546.5,1
538.0,1
543.0,1
550.5,1
543.0,1
547.0,1
544.2,1
543.0,1
544.25,1
548.0,1
535.714285714286,0
543.0,1
538.0,1
549.333333333333,1
547.0,1
538.6,1
549.333333333333,1
548.6,1
543.0,1
548.5,1
555.0,1
555.0,1
556.4,1
556.666666666667,1
562.0,1
555.6,1
558.0,1
563.4,1
570.0,1
565.833333333333,1
553.0,1
561.833333333333,1
562.4,1
560.6,1
559.666666666667,1
569.833333333333,1
581.0,1
593.0,1
601.0,1
600.4,1
616.0,1
603.6,0
587.5,0
575.0,0
579.2,1
584.8,1
609.666666666667,1
625.666666666667,1
629.666666666667,1
617.0,1
624.8,1
641.333333333333,1
659.4,1
644.6,1
653.0,1
659.0,1
660.0,1
668.5,1
652.5,1
652.75,1
654.2,1
656.166666666667,1
650.75,1
663.75,1
651.0,1
648.333333333333,1
651.0,1
651.0,1
651.0,1
657.8,1
668.0,1
668.0,1
663.666666666667,1
664.6,1
668.0,1
662.333333333333,1
647.8,1
651.666666666667,1
651.666666666667,1
650.0,1
653.75,1
660.0,1
656.0,1
660.0,1
655.0,1
660.0,1
655.0,1
650.0,1
651.666666666667,1
653.166666666667,1
653.75,1
659.75,1
338.333333333333,0
197.166666666667,0
184.0,0
173.2,0
193.0,0
193.0,0
178.0,0
184.0,0
186.0,0
178.0,0
178.0,0
173.5,0
174.5,0
169.666666666667,0
168.5,0
171.0,0
176.0,0
176.0,0
177.25,0
171.0,0
171.0,0
171.0,0
268.714285714286,0
538.75,1
627.6,0
638.0,0
634.0,0
629.0,0
557.666666666667,0
547.0,1
543.0,1
561.833333333333,1
597.75,1
561.5,1
598.4,1
609.6,1
587.0,1
596.8,1
595.0,1
608.333333333333,1
611.6,1
610.2,1
616.6,1
608.333333333333,1
609.0,1
599.0,1
594.8,1
585.75,1
584.8,1
592.75,1
586.5,1
585.0,1
576.75,1
566.0,1
560.0,1
566.0,1
569.333333333333,1
561.0,1
561.0,1
561.0,1
558.3,1
555.6,1
558.8,1
546.0,1
546.0,1
542.8,1
544.8,1
541.4,1
538.0,1
538.4,1
538.4,1
534.5,1
538.8,1
531.0,1
526.833333333333,1
526.75,1
519.666666666667,1
505.8,1
493.0,1
503.5,1
496.2,1
513.0,1
520.5,1
528.0,1
516.75,1
513.0,1
503.714285714286,1
503.0,1
498.0,1
481.6,1
484.0,1
483.4,1
485.0,1
478.0,1
478.75,1
474.0,1
473.0,1
474.0,1
479.0,1
476.0,1
467.75,1
464.0,1
464.0,1
464.0,1
453.0,1
464.0,1
464.0,1
461.0,1
464.0,1
464.0,1
469.0,1
469.0,1
463.0,1
465.25,1
466.0,1
469.0,1
466.5,1
469.0,1
469.0,1
469.0,1
465.666666666667,1
464.0,1
469.0,1
462.333333333333,1
465.0,1
461.0,1
464.0,1
462.333333333333,1
461.0,1
464.0,1
461.0,1
469.0,1
462.333333333333,1
462.333333333333,1
460.428571428571,1
464.0,1
461.0,1
462.333333333333,1
464.0,1
469.0,1
469.0,1
469.0,1
469.0,1
466.0,1
465.25,1
456.142857142857,1
454.0,1
454.0,1
454.0,1
454.0,1
454.0,1
454.0,1
454.0,1
454.0,1
454.0,1
454.0,1
454.0,1
454.0,1
454.0,1
454.0,1
454.0,1
454.0,1
465.25,1
465.25,1
469.0,1
469.0,1
469.0,1
460.0,1
454.0,1
454.0,1
454.0,1
442.0,1
449.5,1
451.6,1
451.6,1
456.8,1
444.0,1
444.0,1
444.0,1
444.0,1
444.0,1
444.0,1
444.0,1
444.0,1
444.0,1
444.0,1
444.0,1
444.0,1
444.0,1
444.0,1
444.0,1
444.0,1
444.0,1
444.0,1
444.0,1
440.25,1
444.0,1
444.75,1
441.285714285714,1
447.0,1
439.8,1
441.0,1
442.5,1
442.5,1
438.0,1
441.0,1
441.0,1
442.5,1
443.4,1
441.0,1
441.0,1
441.0,1
441.0,1
442.5,1
438.0,1
441.0,1
447.0,1
442.5,1
447.0,1
444.0,1
447.0,1
447.0,1
447.0,1
447.0,1
447.0,1
439.0,1
447.0,1
441.4,1
438.6,1
440.0,1
443.5,1
436.5,1
433.0,1
433.0,1
433.0,1
433.0,1
433.0,1
433.0,1
433.0,1
433.0,1
433.0,1
433.0,1
433.0,1
433.0,1
433.0,1
433.0,1
433.0,1
433.0,1
433.0,1
433.0,1
433.0,1
433.0,1
433.0,1
433.0,1
433.0,1
433.0,1
433.0,1
433.0,1
433.0,1
433.0,1
433.0,1
433.0,1
433.0,1
433.0,1
433.0,1
433.0,1
433.0,1
433.0,1
433.0,1
433.0,1
429.5,1
433.0,1
424.6,1
426.0,1
426.0,1
433.0,1
423.666666666667,1
426.0,1
419.0,1
422.5,1
419.0,1
419.0,1
419.0,1
419.0,1
419.0,1
419.0,1
419.0,1
419.0,1
419.0,1
419.0,1
419.0,1
426.0,1
422.5,1
424.6,1
419.0,1
419.0,1
419.0,1
419.0,1
419.0,1
419.0,1
415.5,1
419.0,1
419.0,1
0.0,0
0.0,0
0.0,0
0.0,0
0.0,0
0.0,0
0.0,0
0.0,0
0.0,0
0.0,0
0.0,0
0.0,0
0.0,0
0.0,0
0.0,0
0.0,0
0.0,0
0.0,0
0.0,0
0.0,0
0.0,0
0.0,0
0.0,0
0.0,0
0.0,0
0.0,0
0.0,0
0.0,0
0.0,0
0.0,0
0.0,0
0.0,0
0.0,0
0.0,0
0.0,0
0.0,0
0.0,0
0.0,0
0.0,0
0.0,0
0.0,0
0.0,0
0.0,0
0.0,0
0.0,0
0.0,0
0.0,0
0.0,0
0.0,0
0.0,0
0.0,0
0.0,0
0.0,0
0.0,0
0.0,0
0.0,0
0.0,0
0.0,0
0.0,0
0.0,0
0.0,0
0.0,0
0.0,0
0.0,0
0.0,0
0.0,0
0.0,0
0.0,0
0.0,0
0.0,0
0.0,0
0.0,0
0.0,0
0.0,0
0.0,0
0.0,0
0.0,0
0.0,0
0.0,0
0.0,0
0.0,0
0.0,0
0.0,0
0.0,0
0.0,0
0.0,0
0.0,0
0.0,0
0.0,0
0.0,0
0.0,0
0.0,0
0.0,0
0.0,0
0.0,0
0.0,0
0.0,0
0.0,0
0.0,0
0.0,0
0.0,0
0.0,0
0.0,0
0.0,0
0.0,0
0.0,0
0.0,0
0.0,0
0.0,0
0.0,0
0.0,0
0.0,0
0.0,0
0.0,0
0.0,0
0.0,0
0.0,0
0.0,0
0.0,0
0.0,0
0.0,0
0.0,0
0.0,0
0.0,0
0.0,0
0.0,0
0.0,0
0.0,0
0.0,0
0.0,0
0.0,0
0.0,0
0.0,0
0.0,0
0.0,0
0.0,0
0.0,0
0.0,0
0.0,0
0.0,0
0.0,0
0.0,0
0.0,0
0.0,0
0.0,0
0.0,0
0.0,0
0.0,0
0.0,0
0.0,0
0.0,0
0.0,0
0.0,0
0.0,0
0.0,0
0.0,0
0.0,0
0.0,0
0.0,0
0.0,0
0.0,0
0.0,0
0.0,0
0.0,0
0.0,0
0.0,0
0.0,0
0.0,0
0.0,0
0.0,0
0.0,0
0.0,0
0.0,0
0.0,0
0.0,0
0.0,0
0.0,0
0.0,0
0.0,0
0.0,0
0.0,0
0.0,0
0.0,0
0.0,0
0.0,0
0.0,0
0.0,0
0.0,0
0.0,0
0.0,0
0.0,0
0.0,0
0.0,0
0.0,0
0.0,0
0.0,0
0.0,0
0.0,0
0.0,0
0.0,0
0.0,0
0.0,0
0.0,0
0.0,0
0.0,0
0.0,0
0.0,0
0.0,0
0.0,0
0.0,0
0.0,0
0.0,0
0.0,0
0.0,0
0.0,0
0.0,0
0.0,0
0.0,0
0.0,0
0.0,0
0.0,0
0.0,0
0.0,0
0.0,0
0.0,0
0.0,0
0.0,0
0.0,0
0.0,0
0.0,0
0.0,0
0.0,0
0.0,0
0.0,0
0.0,0
0.0,0
0.0,0
0.0,0
0.0,0
0.0,0
0.0,0
0.0,0
0.0,0
0.0,0
0.0,0
0.0,0
0.0,0
0.0,0
0.0,0
0.0,0
0.0,0
0.0,0
0.0,0
0.0,0
0.0,0
0.0,0
0.0,0
0.0,0
0.0,0
0.0,0
0.0,0
0.0,0
0.0,0
0.0,0
0.0,0
0.0,0
0.0,0
0.0,0
0.0,0
0.0,0
0.0,0
0.0,0
0.0,0
0.0,0
0.0,0
0.0,0
0.0,0
0.0,0
0.0,0
0.0,0
0.0,0
0.0,0
0.0,0
0.0,0
0.0,0
0.0,0
0.0,0
0.0,0
0.0,0
0.0,0
0.0,0
0.0,0
0.0,0
0.0,0
0.0,0
0.0,0
0.0,0
0.0,0
0.0,0
0.0,0
0.0,0
0.0,0
0.0,0
0.0,0
0.0,0
0.0,0
0.0,0
0.0,0
0.0,0
0.0,0
0.0,0
0.0,0
0.0,0
0.0,0
0.0,0
0.0,0
0.0,0
0.0,0
0.0,0
0.0,0
0.0,0
0.0,0
0.0,0
0.0,0
0.0,0
0.0,0
0.0,0
0.0,0
0.0,0
0.0,0
0.0,0
0.0,0
0.0,0
0.0,0
0.0,0
0.0,0
0.0,0
0.0,0
0.0,0
0.0,0
0.0,0
0.0,0
0.0,0
0.0,0
0.0,0
0.0,0
0.0,0
0.0,0
0.0,0
0.0,0
0.0,0
0.0,0
0.0,0
0.0,0
0.0,0
0.0,0
0.0,0
0.0,0
0.0,0
0.0,0
0.0,0
0.0,0
0.0,0
0.0,0
0.0,0
0.0,0
0.0,0
0.0,0
0.0,0
0.0,0
0.0,0
0.0,0
0.0,0
0.0,0
0.0,0
0.0,0
0.0,0
0.0,0
0.0,0
0.0,0
0.0,0
0.0,0
0.0,0
0.0,0
0.0,0
0.0,0
0.0,0
0.0,0
0.0,0
0.0,0
0.0,0
0.0,0
0.0,0
0.0,0
0.0,0
0.0,0
0.0,0
0.0,0
0.0,0
0.0,0
0.0,0
0.0,0
0.0,0
0.0,0
0.0,0
0.0,0
0.0,0
0.0,0
0.0,0
0.0,0
0.0,0
0.0,0
0.0,0
0.0,0
0.0,0
0.0,0
0.0,0
0.0,0
0.0,0
0.0,0
0.0,0
0.0,0
0.0,0
0.0,0
0.0,0
0.0,0
0.0,0
0.0,0
0.0,0
0.0,0
0.0,0
0.0,0
0.0,0
0.0,0
0.0,0
0.0,0
0.0,0
0.0,0
0.0,0
0.0,0
0.0,0
0.0,0
0.0,0
0.0,0
0.0,0
0.0,0
0.0,0
0.0,0
0.0,0
0.0,0
0.0,0
0.0,0
0.0,0
0.0,0
0.0,0
0.0,0
0.0,0
0.0,0
0.0,0
0.0,0
0.0,0
0.0,0
0.0,0
0.0,0
0.0,0
0.0,0
0.0,0
0.0,0
0.0,0
0.0,0
0.0,0
0.0,0
0.0,0
0.0,0
0.0,0
0.0,0
0.0,0
0.0,0
0.0,0
0.0,0
0.0,0
0.0,0
0.0,0
0.0,0
0.0,0
0.0,0
0.0,0
0.0,0
0.0,0
0.0,0
0.0,0
0.0,0
0.0,0
0.0,0
0.0,0
0.0,0
0.0,0
0.0,0
0.0,0
0.0,0
0.0,0
0.0,0
0.0,0
0.0,0
0.0,0
0.0,0
0.0,0
0.0,0
0.0,0
0.0,0
0.0,0
0.0,0
0.0,0
0.0,0
0.0,0
0.0,0
0.0,0
0.0,0
0.0,0
0.0,0
0.0,0
0.0,0
0.0,0
0.0,0
0.0,0
0.0,0
0.0,0
0.0,0
0.0,0
0.0,0
0.0,0
0.0,0
0.0,0
0.0,0
0.0,0
0.0,0
0.0,0
0.0,0
0.0,0
0.0,0
0.0,0
0.0,0
0.0,0
0.0,0
0.0,0
0.0,0
0.0,0
0.0,0
0.0,0
0.0,0
0.0,0
0.0,0
0.0,0
0.0,0
0.0,0
0.0,0
0.0,0
0.0,0
0.0,0
0.0,0
0.0,0
0.0,0
0.0,0
0.0,0
0.0,0
0.0,0
0.0,0
0.0,0
0.0,0
0.0,0
0.0,0
0.0,0
0.0,0
0.0,0
0.0,0
0.0,0
0.0,0
0.0,0
0.0,0
0.0,0
0.0,0
0.0,0
0.0,0
0.0,0
0.0,0
0.0,0
0.0,0
0.0,0
0.0,0
0.0,0
0.0,0
0.0,0
0.0,0
0.0,0
0.0,0
0.0,0
0.0,0
0.0,0
0.0,0
0.0,0
0.0,0
0.0,0
0.0,0
0.0,0
0.0,0
0.0,0
0.0,0
0.0,0
0.0,0
0.0,0
0.0,0
0.0,0
0.0,0
0.0,0
0.0,0
0.0,0
0.0,0
0.0,0
0.0,0
0.0,0
0.0,0
0.0,0
0.0,0
0.0,0
0.0,0
0.0,0
0.0,0
0.0,0
0.0,0
0.0,0
0.0,0
0.0,0
0.0,0
0.0,0
0.0,0
0.0,0
0.0,0
0.0,0
0.0,0
0.0,0
0.0,0
0.0,0
0.0,0
0.0,0
0.0,0
0.0,0
0.0,0
0.0,0
0.0,0
0.0,0
0.0,0
0.0,0
0.0,0
0.0,0
0.0,0
0.0,0
0.0,0
0.0,0
0.0,0
0.0,0
0.0,0
0.0,0
0.0,0
0.0,0
0.0,0
0.0,0
0.0,0
0.0,0
0.0,0
0.0,0
0.0,0
0.0,0
0.0,0
0.0,0
0.0,0
0.0,0
0.0,0
0.0,0
0.0,0
0.0,0
0.0,0
0.0,0
0.0,0
0.0,0
0.0,0
0.0,0
0.0,0
0.0,0
0.0,0
0.0,0
0.0,0
0.0,0
0.0,0
0.0,0
0.0,0
0.0,0
0.0,0
0.0,0
0.0,0
0.0,0
0.0,0
0.0,0
0.0,0
0.0,0
0.0,0
0.0,0
0.0,0
0.0,0
0.0,0
0.0,0
0.0,0
0.0,0
0.0,0
0.0,0
0.0,0
0.0,0
0.0,0
0.0,0
0.0,0
0.0,0
0.0,0
0.0,0
0.0,0
0.0,0
0.0,0
0.0,0
0.0,0
0.0,0
0.0,0
0.0,0
0.0,0
0.0,0
0.0,0
0.0,0
0.0,0
0.0,0
0.0,0
0.0,0
0.0,0
0.0,0
0.0,0
0.0,0
0.0,0
0.0,0
0.0,0
0.0,0
0.0,0
0.0,0
0.0,0
0.0,0
0.0,0
0.0,0
0.0,0
0.0,0
0.0,0
0.0,0
0.0,0
0.0,0
0.0,0
0.0,0
0.0,0
0.0,0
0.0,0
0.0,0
0.0,0
0.0,0
0.0,0
0.0,0
0.0,0
0.0,0
0.0,0
0.0,0
0.0,0
0.0,0
0.0,0
0.0,0
0.0,0
0.0,0
0.0,0
0.0,0
0.0,0
0.0,0
0.0,0
0.0,0
0.0,0
0.0,0
0.0,0
0.0,0
0.0,0
0.0,0
0.0,0
0.0,0
0.0,0
0.0,0
0.0,0
0.0,0
0.0,0
0.0,0
0.0,0
0.0,0
0.0,0
0.0,0
0.0,0
0.0,0
56.3333333333333,0
311.75,1
426.0,1
433.0,1
423.666666666667,1
419.0,1
419.0,1
419.0,1
415.5,1
409.8,1
414.6,1
413.0,0
414.6,0
407.5,0
406.6,0
399.5,0
398.333333333333,1
406.2,1
414.0,1
412.2,1
411.0,1
408.0,1
405.0,1
405.0,1
405.0,1
405.0,1
405.0,1
413.4,1
416.666666666667,1
419.0,1
419.0,1
419.0,1
419.0,1
419.0,1
419.0,1
419.0,1
419.0,1
419.0,1
433.0,1
433.0,1
433.0,1
433.0,1
433.0,1
433.0,1
433.0,1
437.666666666667,1
440.6,1
442.5,1
438.0,1
441.0,1
429.0,1
429.0,1
429.0,1
435.0,1
444.0,1
444.0,1
444.0,0
444.0,0
444.0,0
444.0,0
444.0,0
447.2,0
456.8,0
460.0,1
454.75,1
453.0,1
451.6,1
454.75,1
453.0,1
458.0,1
458.0,1
459.25,1
454.0,1
454.0,1
454.0,1
454.0,1
456.5,1
465.25,1
469.0,1
469.0,1
462.333333333333,0
464.0,0
462.333333333333,1
470.2,1
475.75,1
471.0,1
480.25,1
487.0,1
503.6,1
509.5,1
527.25,1
524.5,1
529.8,1
534.0,1
544.0,1
538.0,1
553.0,1
542.5,1
547.0,1
559.2,1
567.8,1
554.0,1
563.0,1
564.5,1
577.5,1
578.8,1
581.666666666667,1
580.0,1
596.0,1
594.8,1
603.4,1
608.25,0
606.666666666667,0
612.0,1
611.0,1
617.0,1
624.75,1
630.4,1
632.5,1
652.0,1
643.5,1
648.666666666667,1
767.0,1
1419.5,1
1697.25,1
1209.8,1
685.75,1
684.75,1
679.4,1
683.0,1
692.0,1
693.8,1
689.0,1
693.75,1
686.5,1
698.25,1
694.833333333333,1
690.0,1
696.8,1
710.0,1
722.0,1
732.0,1
735.0,1
719.2,1
723.333333333333,1
729.0,1
738.0,1
738.0,1
734.4,1
738.0,1
747.0,1
745.2,1
746.333333333333,1
737.8,1
745.0,1
740.5,1
754.0,1
763.0,1
758.25,1
755.5,1
758.25,1
772.75,1
767.0,1
774.5,1
774.5,1
769.8,1
758.333333333333,1
775.75,1
775.0,1
783.4,1
789.6,1
797.5,1
799.0,1
782.5,1
786.166666666667,1
794.25,1
797.5,1
787.0,1
805.0,1
798.0,1
793.0,1
801.4,1
808.0,1
809.8,1
817.0,1
813.0,1
798.0,1
